       0.0     0.000
       1.0     0.000
       2.0     0.000
       3.0     0.000
       4.0     0.000
       5.0     0.000
       6.0     0.000
       7.0     0.001
       8.0     0.001
       9.0     0.002
      10.0     0.004
      11.0     0.008
      12.0     0.013
      13.0     0.021
      14.0     0.033
      15.0     0.049
      16.0     0.072
      17.0     0.100
      18.0     0.135
      19.0     0.176
      20.0     0.221
      21.0     0.268
      22.0     0.314
      23.0     0.356
      24.0     0.393
      25.0     0.424
      26.0     0.449
      27.0     0.471
      28.0     0.497
      29.0     0.535
      30.0     0.595
      31.0     0.685
      32.0     0.815
      33.0     0.989
      34.0     1.204
      35.0     1.453
      36.0     1.718
      37.0     1.977
      38.0     2.207
      39.0     2.385
      40.0     2.492
      41.0     2.520
      42.0     2.473
      43.0     2.364
      44.0     2.215
      45.0     2.052
      46.0     1.901
      47.0     1.785
      48.0     1.720
      49.0     1.713
      50.0     1.764
      51.0     1.865
      52.0     2.004
      53.0     2.166
      54.0     2.337
      55.0     2.507
      56.0     2.672
      57.0     2.836
      58.0     3.009
      59.0     3.205
      60.0     3.435
      61.0     3.708
      62.0     4.016
      63.0     4.342
      64.0     4.655
      65.0     4.920
      66.0     5.098
      67.0     5.162
      68.0     5.098
      69.0     4.908
      70.0     4.614
      71.0     4.251
      72.0     3.858
      73.0     3.481
      74.0     3.153
      75.0     2.902
      76.0     2.740
      77.0     2.664
      78.0     2.659
      79.0     2.703
      80.0     2.764
      81.0     2.813
      82.0     2.823
      83.0     2.778
      84.0     2.673
      85.0     2.515
      86.0     2.323
      87.0     2.124
      88.0     1.947
      89.0     1.823
      90.0     1.774
      91.0     1.812
      92.0     1.937
      93.0     2.137
      94.0     2.388
      95.0     2.658
      96.0     2.911
      97.0     3.111
      98.0     3.229
      99.0     3.246
     100.0     3.158
     101.0     2.973
     102.0     2.713
     103.0     2.413
     104.0     2.111
     105.0     1.847
     106.0     1.659
     107.0     1.581
     108.0     1.638
     109.0     1.848
     110.0     2.219
     111.0     2.748
     112.0     3.417
     113.0     4.197
     114.0     5.042
     115.0     5.898
     116.0     6.701
     117.0     7.392
     118.0     7.921
     119.0     8.258
     120.0     8.399
     121.0     8.367
     122.0     8.209
     123.0     7.987
     124.0     7.764
     125.0     7.599
     126.0     7.533
     127.0     7.582
     128.0     7.736
     129.0     7.963
     130.0     8.212
     131.0     8.424
     132.0     8.540
     133.0     8.515
     134.0     8.323
     135.0     7.963
     136.0     7.458
     137.0     6.852
     138.0     6.202
     139.0     5.568
     140.0     5.000
     141.0     4.533
     142.0     4.179
     143.0     3.931
     144.0     3.762
     145.0     3.636
     146.0     3.513
     147.0     3.362
     148.0     3.162
     149.0     2.908
     150.0     2.613
     151.0     2.299
     152.0     1.997
     153.0     1.739
     154.0     1.552
     155.0     1.455
     156.0     1.454
     157.0     1.545
     158.0     1.713
     159.0     1.931
     160.0     2.173
     161.0     2.409
     162.0     2.616
     163.0     2.781
     164.0     2.900
     165.0     2.981
     166.0     3.038
     167.0     3.091
     168.0     3.153
     169.0     3.234
     170.0     3.334
     171.0     3.449
     172.0     3.570
     173.0     3.694
     174.0     3.826
     175.0     3.980
     176.0     4.181
     177.0     4.456
     178.0     4.828
     179.0     5.306
     180.0     5.880
     181.0     6.515
     182.0     7.159
     183.0     7.741
     184.0     8.194
     185.0     8.458
     186.0     8.495
     187.0     8.297
     188.0     7.889
     189.0     7.320
     190.0     6.658
     191.0     5.975
     192.0     5.335
     193.0     4.783
     194.0     4.341
     195.0     4.004
     196.0     3.749
     197.0     3.543
     198.0     3.353
     199.0     3.152
     200.0     2.933
     201.0     2.705
     202.0     2.494
     203.0     2.343
     204.0     2.300
     205.0     2.413
     206.0     2.723
     207.0     3.252
     208.0     3.999
     209.0     4.933
     210.0     5.994
     211.0     7.093
     212.0     8.122
     213.0     8.973
     214.0     9.550
     215.0     9.792
     216.0     9.683
     217.0     9.260
     218.0     8.614
     219.0     7.877
     220.0     7.206
     221.0     6.766
     222.0     6.707
     223.0     7.146
     224.0     8.150
     225.0     9.721
     226.0    11.787
     227.0    14.200
     228.0    16.751
     229.0    19.187
     230.0    21.246
     231.0    22.699
     232.0    23.382
     233.0    23.230
     234.0    22.282
     235.0    20.674
     236.0    18.612
     237.0    16.333
     238.0    14.070
     239.0    12.019
     240.0    10.319
     241.0     9.048
     242.0     8.230
     243.0     7.845
     244.0     7.847
     245.0     8.177
     246.0     8.772
     247.0     9.577
     248.0    10.548
     249.0    11.651
     250.0    12.862
     251.0    14.160
     252.0    15.521
     253.0    16.913
     254.0    18.293
     255.0    19.611
     256.0    20.816
     257.0    21.873
     258.0    22.768
     259.0    23.515
     260.0    24.157
     261.0    24.751
     262.0    25.359
     263.0    26.029
     264.0    26.786
     265.0    27.617
     266.0    28.478
     267.0    29.287
     268.0    29.938
     269.0    30.311
     270.0    30.286
     271.0    29.764
     272.0    28.687
     273.0    27.057
     274.0    24.942
     275.0    22.480
     276.0    19.862
     277.0    17.306
     278.0    15.029
     279.0    13.219
     280.0    12.006
     281.0    11.448
     282.0    11.535
     283.0    12.187
     284.0    13.278
     285.0    14.651
     286.0    16.146
     287.0    17.615
     288.0    18.938
     289.0    20.033
     290.0    20.851
     291.0    21.377
     292.0    21.618
     293.0    21.596
     294.0    21.347
     295.0    20.924
     296.0    20.402
     297.0    19.881
     298.0    19.490
     299.0    19.375
     300.0    19.676
     301.0    20.503
     302.0    21.897
     303.0    23.806
     304.0    26.077
     305.0    28.462
     306.0    30.655
     307.0    32.346
     308.0    33.279
     309.0    33.305
     310.0    32.415
     311.0    30.740
     312.0    28.525
     313.0    26.079
     314.0    23.708
     315.0    21.665
     316.0    20.105
     317.0    19.069
     318.0    18.498
     319.0    18.257
     320.0    18.173
     321.0    18.077
     322.0    17.829
     323.0    17.344
     324.0    16.590
     325.0    15.593
     326.0    14.413
     327.0    13.132
     328.0    11.836
     329.0    10.597
     330.0     9.462
     331.0     8.453
     332.0     7.569
     333.0     6.792
     334.0     6.103
     335.0     5.488
     336.0     4.949
     337.0     4.505
     338.0     4.191
     339.0     4.049
     340.0     4.117
     341.0     4.421
     342.0     4.965
     343.0     5.727
     344.0     6.661
     345.0     7.700
     346.0     8.772
     347.0     9.806
     348.0    10.742
     349.0    11.541
     350.0    12.181
     351.0    12.655
     352.0    12.965
     353.0    13.117
     354.0    13.122
     355.0    13.003
     356.0    12.800
     357.0    12.584
     358.0    12.456
     359.0    12.540
     360.0    12.966
     361.0    13.845
     362.0    15.235
     363.0    17.125
     364.0    19.418
     365.0    21.946
     366.0    24.494
     367.0    26.848
     368.0    28.836
     369.0    30.364
     370.0    31.433
     371.0    32.127
     372.0    32.574
     373.0    32.902
     374.0    33.192
     375.0    33.451
     376.0    33.610
     377.0    33.557
     378.0    33.179
     379.0    32.412
     380.0    31.278
     381.0    29.888
     382.0    28.427
     383.0    27.101
     384.0    26.088
     385.0    25.492
     386.0    25.322
     387.0    25.503
     388.0    25.912
     389.0    26.445
     390.0    27.072
     391.0    27.880
     392.0    29.094
     393.0    31.040
     394.0    34.085
     395.0    38.543
     396.0    44.584
     397.0    52.152
     398.0    60.940
     399.0    70.409
     400.0    79.875
     401.0    88.628
     402.0    96.067
     403.0   101.800
     404.0   105.693
     405.0   107.848
     406.0   108.516
     407.0   107.985
     408.0   106.471
     409.0   104.064
     410.0   100.722
     411.0    96.342
     412.0    90.842
     413.0    84.257
     414.0    76.792
     415.0    68.822
     416.0    60.853
     417.0    53.446
     418.0    47.145
     419.0    42.408
     420.0    39.585
     421.0    38.906
     422.0    40.498
     423.0    44.410
     424.0    50.623
     425.0    59.057
     426.0    69.560
     427.0    81.887
     428.0    95.677
     429.0   110.446
     430.0   125.602
     431.0   140.497
     432.0   154.506
     433.0   167.123
     434.0   178.042
     435.0   187.202
     436.0   194.766
     437.0   201.050
     438.0   206.409
     439.0   211.126
     440.0   215.343
     441.0   219.029
     442.0   222.013
     443.0   224.030
     444.0   224.770
     445.0   223.910
     446.0   221.133
     447.0   216.149
     448.0   208.744
     449.0   198.852
     450.0   186.651
     451.0   172.626
     452.0   157.578
     453.0   142.553
     454.0   128.690
     455.0   117.018
     456.0   108.260
     457.0   102.697
     458.0   100.110
     459.0    99.844
     460.0   100.946
     461.0   102.371
     462.0   103.183
     463.0   102.724
     464.0   100.709
     465.0    97.228
     466.0    92.668
     467.0    87.576
     468.0    82.493
     469.0    77.825
     470.0    73.745
     471.0    70.181
     472.0    66.867
     473.0    63.436
     474.0    59.535
     475.0    54.925
     476.0    49.538
     477.0    43.489
     478.0    37.037
     479.0    30.525
     480.0    24.306
     481.0    18.675
     482.0    13.835
     483.0     9.879
     484.0     6.802
     485.0     4.526
     486.0     2.930
     487.0     1.882
     488.0     1.258
     489.0     0.960
     490.0     0.917
     491.0     1.084
     492.0     1.435
     493.0     1.955
     494.0     2.630
     495.0     3.439
     496.0     4.351
     497.0     5.325
     498.0     6.317
     499.0     7.290
     500.0     8.224
     501.0     9.128
     502.0    10.038
     503.0    11.012
     504.0    12.113
     505.0    13.387
     506.0    14.836
     507.0    16.405
     508.0    17.978
     509.0    19.394
     510.0    20.474
     511.0    21.062
     512.0    21.065
     513.0    20.477
     514.0    19.389
     515.0    17.979
     516.0    16.478
     517.0    15.131
     518.0    14.146
     519.0    13.660
     520.0    13.713
     521.0    14.242
     522.0    15.093
     523.0    16.055
     524.0    16.894
     525.0    17.401
     526.0    17.423
     527.0    16.891
     528.0    15.824
     529.0    14.320
     530.0    12.535
     531.0    10.653
     532.0     8.859
     533.0     7.323
     534.0     6.184
     535.0     5.549
     536.0     5.493
     537.0     6.061
     538.0     7.263
     539.0     9.066
     540.0    11.383
     541.0    14.068
     542.0    16.913
     543.0    19.668
     544.0    22.065
     545.0    23.863
     546.0    24.887
     547.0    25.066
     548.0    24.447
     549.0    23.193
     550.0    21.550
     551.0    19.800
     552.0    18.213
     553.0    16.993
     554.0    16.250
     555.0    15.983
     556.0    16.092
     557.0    16.405
     558.0    16.715
     559.0    16.826
     560.0    16.584
     561.0    15.905
     562.0    14.783
     563.0    13.283
     564.0    11.524
     565.0     9.650
     566.0     7.810
     567.0     6.133
     568.0     4.713
     569.0     3.611
     570.0     2.854
     571.0     2.440
     572.0     2.346
     573.0     2.538
     574.0     2.966
     575.0     3.573
     576.0     4.289
     577.0     5.040
     578.0     5.752
     579.0     6.356
     580.0     6.805
     581.0     7.073
     582.0     7.165
     583.0     7.112
     584.0     6.965
     585.0     6.776
     586.0     6.592
     587.0     6.438
     588.0     6.315
     589.0     6.200
     590.0     6.058
     591.0     5.848
     592.0     5.540
     593.0     5.119
     594.0     4.593
     595.0     3.989
     596.0     3.345
     597.0     2.704
     598.0     2.105
     599.0     1.578
     600.0     1.140
     601.0     0.796
     602.0     0.546
     603.0     0.380
     604.0     0.294
     605.0     0.284
     606.0     0.358
     607.0     0.531
     608.0     0.829
     609.0     1.287
     610.0     1.944
     611.0     2.838
     612.0     3.999
     613.0     5.441
     614.0     7.159
     615.0     9.132
     616.0    11.331
     617.0    13.731
     618.0    16.328
     619.0    19.146
     620.0    22.239
     621.0    25.672
     622.0    29.486
     623.0    33.659
     624.0    38.069
     625.0    42.479
     626.0    46.549
     627.0    49.890
     628.0    52.133
     629.0    53.022
     630.0    52.480
     631.0    50.660
     632.0    47.930
     633.0    44.837
     634.0    42.015
     635.0    40.090
     636.0    39.574
     637.0    40.779
     638.0    43.758
     639.0    48.280
     640.0    53.843
     641.0    59.737
     642.0    65.137
     643.0    69.230
     644.0    71.340
     645.0    71.040
     646.0    68.221
     647.0    63.100
     648.0    56.169
     649.0    48.095
     650.0    39.603
     651.0    31.359
     652.0    23.886
     653.0    17.525
     654.0    12.429
     655.0     8.604
     656.0     5.955
     657.0     4.343
     658.0     3.625
     659.0     3.683
     660.0     4.428
     661.0     5.796
     662.0     7.722
     663.0    10.118
     664.0    12.852
     665.0    15.740
     666.0    18.549
     667.0    21.023
     668.0    22.921
     669.0    24.063
     670.0    24.372
     671.0    23.909
     672.0    22.885
     673.0    21.653
     674.0    20.679
     675.0    20.505
     676.0    21.679
     677.0    24.699
     678.0    29.926
     679.0    37.513
     680.0    47.328
     681.0    58.908
     682.0    71.458
     683.0    83.905
     684.0    95.020
     685.0   103.589
     686.0   108.610
     687.0   109.464
     688.0   106.026
     689.0    98.681
     690.0    88.249
     691.0    75.828
     692.0    62.602
     693.0    49.656
     694.0    37.844
     695.0    27.710
     696.0    19.495
     697.0    13.177
     698.0     8.558
     699.0     5.340
     700.0     3.201
     701.0     1.844
     702.0     1.021
     703.0     0.543
     704.0     0.279
     705.0     0.140
     706.0     0.072
     707.0     0.046
     708.0     0.047
     709.0     0.073
     710.0     0.128
     711.0     0.226
     712.0     0.388
     713.0     0.642
     714.0     1.021
     715.0     1.561
     716.0     2.296
     717.0     3.249
     718.0     4.425
     719.0     5.806
     720.0     7.347
     721.0     8.981
     722.0    10.632
     723.0    12.234
     724.0    13.748
     725.0    15.179
     726.0    16.585
     727.0    18.064
     728.0    19.729
     729.0    21.672
     730.0    23.920
     731.0    26.407
     732.0    28.963
     733.0    31.324
     734.0    33.182
     735.0    34.238
     736.0    34.267
     737.0    33.164
     738.0    30.973
     739.0    27.874
     740.0    24.147
     741.0    20.125
     742.0    16.129
     743.0    12.427
     744.0     9.205
     745.0     6.557
     746.0     4.498
     747.0     2.984
     748.0     1.942
     749.0     1.290
     750.0     0.960
     751.0     0.911
     752.0     1.132
     753.0     1.646
     754.0     2.503
     755.0     3.770
     756.0     5.511
     757.0     7.773
     758.0    10.563
     759.0    13.832
     760.0    17.472
     761.0    21.330
     762.0    25.231
     763.0    29.024
     764.0    32.624
     765.0    36.045
     766.0    39.403
     767.0    42.889
     768.0    46.701
     769.0    50.968
     770.0    55.664
     771.0    60.560
     772.0    65.228
     773.0    69.095
     774.0    71.553
     775.0    72.087
     776.0    70.389
     777.0    66.433
     778.0    60.487
     779.0    53.060
     780.0    44.802
     781.0    36.391
     782.0    28.426
     783.0    21.350
     784.0    15.424
     785.0    10.733
     786.0     7.226
     787.0     4.772
     788.0     3.209
     789.0     2.391
     790.0     2.219
     791.0     2.650
     792.0     3.703
     793.0     5.438
     794.0     7.933
     795.0    11.248
     796.0    15.382
     797.0    20.241
     798.0    25.611
     799.0    31.153
     800.0    36.439
     801.0    40.997
     802.0    44.391
     803.0    46.294
     804.0    46.554
     805.0    45.221
     806.0    42.537
     807.0    38.890
     808.0    34.742
     809.0    30.546
     810.0    26.690
     811.0    23.446
     812.0    20.970
     813.0    19.307
     814.0    18.422
     815.0    18.233
     816.0    18.633
     817.0    19.511
     818.0    20.754
     819.0    22.247
     820.0    23.871
     821.0    25.495
     822.0    26.973
     823.0    28.152
     824.0    28.879
     825.0    29.019
     826.0    28.479
     827.0    27.224
     828.0    25.289
     829.0    22.784
     830.0    19.881
     831.0    16.787
     832.0    13.722
     833.0    10.885
     834.0     8.437
     835.0     6.487
     836.0     5.098
     837.0     4.285
     838.0     4.030
     839.0     4.289
     840.0     4.993
     841.0     6.051
     842.0     7.347
     843.0     8.745
     844.0    10.093
     845.0    11.237
     846.0    12.043
     847.0    12.411
     848.0    12.293
     849.0    11.703
     850.0    10.707
     851.0     9.418
     852.0     7.972
     853.0     6.508
     854.0     5.150
     855.0     3.997
     856.0     3.121
     857.0     2.567
     858.0     2.363
     859.0     2.524
     860.0     3.053
     861.0     3.943
     862.0     5.167
     863.0     6.669
     864.0     8.359
     865.0    10.113
     866.0    11.777
     867.0    13.188
     868.0    14.193
     869.0    14.678
     870.0    14.585
     871.0    13.925
     872.0    12.773
     873.0    11.258
     874.0     9.533
     875.0     7.756
     876.0     6.063
     877.0     4.553
     878.0     3.285
     879.0     2.278
     880.0     1.517
     881.0     0.971
     882.0     0.597
     883.0     0.353
     884.0     0.201
     885.0     0.111
     886.0     0.061
     887.0     0.037
     888.0     0.030
     889.0     0.039
     890.0     0.065
     891.0     0.114
     892.0     0.199
     893.0     0.335
     894.0     0.545
     895.0     0.854
     896.0     1.289
     897.0     1.877
     898.0     2.640
     899.0     3.588
     900.0     4.719
     901.0     6.019
     902.0     7.453
     903.0     8.979
     904.0    10.542
     905.0    12.081
     906.0    13.532
     907.0    14.830
     908.0    15.913
     909.0    16.727
     910.0    17.236
     911.0    17.436
     912.0    17.366
     913.0    17.117
     914.0    16.838
     915.0    16.722
     916.0    16.991
     917.0    17.859
     918.0    19.498
     919.0    22.000
     920.0    25.342
     921.0    29.373
     922.0    33.813
     923.0    38.282
     924.0    42.344
     925.0    45.573
     926.0    47.616
     927.0    48.256
     928.0    47.443
     929.0    45.301
     930.0    42.092
     931.0    38.172
     932.0    33.916
     933.0    29.664
     934.0    25.674
     935.0    22.101
     936.0    19.004
     937.0    16.368
     938.0    14.134
     939.0    12.230
     940.0    10.599
     941.0     9.213
     942.0     8.077
     943.0     7.218
     944.0     6.682
     945.0     6.508
     946.0     6.714
     947.0     7.285
     948.0     8.159
     949.0     9.233
     950.0    10.367
     951.0    11.402
     952.0    12.185
     953.0    12.593
     954.0    12.549
     955.0    12.040
     956.0    11.112
     957.0     9.859
     958.0     8.408
     959.0     6.891
     960.0     5.426
     961.0     4.106
     962.0     2.987
     963.0     2.089
     964.0     1.408
     965.0     0.921
     966.0     0.596
     967.0     0.404
     968.0     0.323
     969.0     0.340
     970.0     0.459
     971.0     0.694
     972.0     1.069
     973.0     1.616
     974.0     2.368
     975.0     3.352
     976.0     4.581
     977.0     6.048
     978.0     7.725
     979.0     9.562
     980.0    11.494
     981.0    13.446
     982.0    15.347
     983.0    17.131
     984.0    18.742
     985.0    20.138
     986.0    21.282
     987.0    22.145
     988.0    22.707
     989.0    22.963
     990.0    22.928
     991.0    22.640
     992.0    22.161
     993.0    21.560
     994.0    20.908
     995.0    20.257
     996.0    19.629
     997.0    19.018
     998.0    18.395
     999.0    17.726
    1000.0    16.989
    1001.0    16.193
    1002.0    15.383
    1003.0    14.642
    1004.0    14.080
    1005.0    13.817
    1006.0    13.953
    1007.0    14.551
    1008.0    15.610
    1009.0    17.052
    1010.0    18.724
    1011.0    20.411
    1012.0    21.866
    1013.0    22.850
    1014.0    23.173
    1015.0    22.726
    1016.0    21.507
    1017.0    19.610
    1018.0    17.211
    1019.0    14.531
    1020.0    11.797
    1021.0     9.207
    1022.0     6.906
    1023.0     4.979
    1024.0     3.450
    1025.0     2.299
    1026.0     1.475
    1027.0     0.918
    1028.0     0.569
    1029.0     0.381
    1030.0     0.329
    1031.0     0.417
    1032.0     0.683
    1033.0     1.209
    1034.0     2.133
    1035.0     3.648
    1036.0     6.012
    1037.0     9.524
    1038.0    14.499
    1039.0    21.211
    1040.0    29.818
    1041.0    40.283
    1042.0    52.305
    1043.0    65.290
    1044.0    78.381
    1045.0    90.553
    1046.0   100.784
    1047.0   108.254
    1048.0   112.548
    1049.0   113.798
    1050.0   112.747
    1051.0   110.692
    1052.0   109.338
    1053.0   110.574
    1054.0   116.221
    1055.0   127.784
    1056.0   146.243
    1057.0   171.885
    1058.0   204.187
    1059.0   241.758
    1060.0   282.351
    1061.0   322.982
    1062.0   360.170
    1063.0   390.306
    1064.0   410.131
    1065.0   417.233
    1066.0   410.463
    1067.0   390.177
    1068.0   358.214
    1069.0   317.613
    1070.0   272.126
    1071.0   225.645
    1072.0   181.653
    1073.0   142.829
    1074.0   110.845
    1075.0    86.366
    1076.0    69.201
    1077.0    58.539
    1078.0    53.208
    1079.0    51.910
    1080.0    53.401
    1081.0    56.623
    1082.0    60.789
    1083.0    65.431
    1084.0    70.406
    1085.0    75.885
    1086.0    82.292
    1087.0    90.215
    1088.0   100.280
    1089.0   113.005
    1090.0   128.647
    1091.0   147.074
    1092.0   167.669
    1093.0   189.320
    1094.0   210.476
    1095.0   229.304
    1096.0   243.913
    1097.0   252.618
    1098.0   254.212
    1099.0   248.169
    1100.0   234.758
    1101.0   215.026
    1102.0   190.655
    1103.0   163.722
    1104.0   136.418
    1105.0   110.779
    1106.0    88.477
    1107.0    70.705
    1108.0    58.152
    1109.0    51.052
    1110.0    49.275
    1111.0    52.428
    1112.0    59.955
    1113.0    71.206
    1114.0    85.492
    1115.0   102.119
    1116.0   120.399
    1117.0   139.645
    1118.0   159.156
    1119.0   178.189
    1120.0   195.934
    1121.0   211.527
    1122.0   224.090
    1123.0   232.828
    1124.0   237.160
    1125.0   236.862
    1126.0   232.181
    1127.0   223.879
    1128.0   213.198
    1129.0   201.723
    1130.0   191.195
    1131.0   183.284
    1132.0   179.384
    1133.0   180.458
    1134.0   186.937
    1135.0   198.682
    1136.0   214.990
    1137.0   234.638
    1138.0   255.974
    1139.0   277.052
    1140.0   295.847
    1141.0   310.514
    1142.0   319.684
    1143.0   322.717
    1144.0   319.838
    1145.0   312.101
    1146.0   301.170
    1147.0   288.941
    1148.0   277.136
    1149.0   266.961
    1150.0   258.933
    1151.0   252.945
    1152.0   248.501
    1153.0   245.069
    1154.0   242.397
    1155.0   240.710
    1156.0   240.715
    1157.0   243.421
    1158.0   249.857
    1159.0   260.761
    1160.0   276.348
    1161.0   296.198
    1162.0   319.281
    1163.0   344.079
    1164.0   368.755
    1165.0   391.331
    1166.0   409.841
    1167.0   422.470
    1168.0   427.677
    1169.0   424.338
    1170.0   411.885
    1171.0   390.424
    1172.0   360.798
    1173.0   324.552
    1174.0   283.785
    1175.0   240.909
    1176.0   198.354
    1177.0   158.279
    1178.0   122.346
    1179.0    91.597
    1180.0    66.451
    1181.0    46.788
    1182.0    32.101
    1183.0    21.665
    1184.0    14.702
    1185.0    10.498
    1186.0     8.481
    1187.0     8.256
    1188.0     9.599
    1189.0    12.414
    1190.0    16.681
    1191.0    22.387
    1192.0    29.455
    1193.0    37.704
    1194.0    46.819
    1195.0    56.383
    1196.0    65.936
    1197.0    75.074
    1198.0    83.559
    1199.0    91.414
    1200.0    98.961
    1201.0   106.799
    1202.0   115.685
    1203.0   126.354
    1204.0   139.294
    1205.0   154.535
    1206.0   171.500
    1207.0   188.987
    1208.0   205.288
    1209.0   218.450
    1210.0   226.636
    1211.0   228.484
    1212.0   223.407
    1213.0   211.725
    1214.0   194.620
    1215.0   173.915
    1216.0   151.737
    1217.0   130.155
    1218.0   110.865
    1219.0    94.986
    1220.0    82.988
    1221.0    74.739
    1222.0    69.638
    1223.0    66.793
    1224.0    65.207
    1225.0    63.947
    1226.0    62.279
    1227.0    59.762
    1228.0    56.281
    1229.0    52.048
    1230.0    47.540
    1231.0    43.413
    1232.0    40.388
    1233.0    39.128
    1234.0    40.132
    1235.0    43.645
    1236.0    49.607
    1237.0    57.645
    1238.0    67.124
    1239.0    77.234
    1240.0    87.128
    1241.0    96.060
    1242.0   103.513
    1243.0   109.265
    1244.0   113.388
    1245.0   116.165
    1246.0   117.959
    1247.0   119.066
    1248.0   119.609
    1249.0   119.498
    1250.0   118.478
    1251.0   116.240
    1252.0   112.560
    1253.0   107.408
    1254.0   101.007
    1255.0    93.803
    1256.0    86.383
    1257.0    79.351
    1258.0    73.226
    1259.0    68.360
    1260.0    64.917
    1261.0    62.890
    1262.0    62.140
    1263.0    62.451
    1264.0    63.559
    1265.0    65.180
    1266.0    67.031
    1267.0    68.842
    1268.0    70.377
    1269.0    71.452
    1270.0    71.949
    1271.0    71.817
    1272.0    71.057
    1273.0    69.698
    1274.0    67.774
    1275.0    65.311
    1276.0    62.334
    1277.0    58.884
    1278.0    55.045
    1279.0    50.961
    1280.0    46.845
    1281.0    42.956
    1282.0    39.562
    1283.0    36.893
    1284.0    35.101
    1285.0    34.226
    1286.0    34.192
    1287.0    34.819
    1288.0    35.868
    1289.0    37.080
    1290.0    38.236
    1291.0    39.193
    1292.0    39.914
    1293.0    40.470
    1294.0    41.008
    1295.0    41.715
    1296.0    42.750
    1297.0    44.192
    1298.0    45.995
    1299.0    47.986
    1300.0    49.887
    1301.0    51.378
    1302.0    52.170
    1303.0    52.077
    1304.0    51.060
    1305.0    49.239
    1306.0    46.857
    1307.0    44.221
    1308.0    41.621
    1309.0    39.270
    1310.0    37.258
    1311.0    35.549
    1312.0    34.006
    1313.0    32.438
    1314.0    30.658
    1315.0    28.535
    1316.0    26.026
    1317.0    23.182
    1318.0    20.144
    1319.0    17.109
    1320.0    14.299
    1321.0    11.933
    1322.0    10.199
    1323.0     9.249
    1324.0     9.190
    1325.0    10.092
    1326.0    11.987
    1327.0    14.868
    1328.0    18.684
    1329.0    23.321
    1330.0    28.594
    1331.0    34.229
    1332.0    39.874
    1333.0    45.115
    1334.0    49.519
    1335.0    52.689
    1336.0    54.329
    1337.0    54.292
    1338.0    52.623
    1339.0    49.551
    1340.0    45.469
    1341.0    40.870
    1342.0    36.277
    1343.0    32.171
    1344.0    28.929
    1345.0    26.791
    1346.0    25.852
    1347.0    26.069
    1348.0    27.293
    1349.0    29.293
    1350.0    31.785
    1351.0    34.459
    1352.0    36.996
    1353.0    39.090
    1354.0    40.478
    1355.0    40.961
    1356.0    40.441
    1357.0    38.936
    1358.0    36.584
    1359.0    33.627
    1360.0    30.373
    1361.0    27.146
    1362.0    24.234
    1363.0    21.844
    1364.0    20.081
    1365.0    18.940
    1366.0    18.330
    1367.0    18.102
    1368.0    18.087
    1369.0    18.133
    1370.0    18.125
    1371.0    18.004
    1372.0    17.767
    1373.0    17.467
    1374.0    17.205
    1375.0    17.123
    1376.0    17.396
    1377.0    18.223
    1378.0    19.810
    1379.0    22.344
    1380.0    25.961
    1381.0    30.709
    1382.0    36.513
    1383.0    43.157
    1384.0    50.287
    1385.0    57.446
    1386.0    64.136
    1387.0    69.891
    1388.0    74.360
    1389.0    77.363
    1390.0    78.920
    1391.0    79.232
    1392.0    78.634
    1393.0    77.528
    1394.0    76.304
    1395.0    75.289
    1396.0    74.711
    1397.0    74.692
    1398.0    75.257
    1399.0    76.352
    1400.0    77.851
    1401.0    79.565
    1402.0    81.251
    1403.0    82.623
    1404.0    83.379
    1405.0    83.249
    1406.0    82.039
    1407.0    79.676
    1408.0    76.239
    1409.0    71.959
    1410.0    67.192
    1411.0    62.381
    1412.0    57.996
    1413.0    54.493
    1414.0    52.279
    1415.0    51.690
    1416.0    52.986
    1417.0    56.352
    1418.0    61.890
    1419.0    69.602
    1420.0    79.365
    1421.0    90.893
    1422.0   103.711
    1423.0   117.138
    1424.0   130.302
    1425.0   142.205
    1426.0   151.814
    1427.0   158.194
    1428.0   160.638
    1429.0   158.790
    1430.0   152.701
    1431.0   142.837
    1432.0   130.011
    1433.0   115.257
    1434.0    99.684
    1435.0    84.325
    1436.0    70.024
    1437.0    57.363
    1438.0    46.646
    1439.0    37.931
    1440.0    31.083
    1441.0    25.852
    1442.0    21.940
    1443.0    19.056
    1444.0    16.951
    1445.0    15.441
    1446.0    14.404
    1447.0    13.784
    1448.0    13.572
    1449.0    13.801
    1450.0    14.524
    1451.0    15.806
    1452.0    17.698
    1453.0    20.216
    1454.0    23.320
    1455.0    26.893
    1456.0    30.737
    1457.0    34.588
    1458.0    38.142
    1459.0    41.101
    1460.0    43.222
    1461.0    44.354
    1462.0    44.459
    1463.0    43.610
    1464.0    41.966
    1465.0    39.737
    1466.0    37.148
    1467.0    34.413
    1468.0    31.725
    1469.0    29.256
    1470.0    27.171
    1471.0    25.634
    1472.0    24.820
    1473.0    24.910
    1474.0    26.079
    1475.0    28.481
    1476.0    32.224
    1477.0    37.343
    1478.0    43.774
    1479.0    51.330
    1480.0    59.687
    1481.0    68.386
    1482.0    76.852
    1483.0    84.444
    1484.0    90.520
    1485.0    94.520
    1486.0    96.047
    1487.0    94.932
    1488.0    91.268
    1489.0    85.406
    1490.0    77.919
    1491.0    69.523
    1492.0    60.998
    1493.0    53.093
    1494.0    46.450
    1495.0    41.536
    1496.0    38.612
    1497.0    37.703
    1498.0    38.608
    1499.0    40.933
    1500.0    44.138
    1501.0    47.621
    1502.0    50.799
    1503.0    53.195
    1504.0    54.496
    1505.0    54.582
    1506.0    53.511
    1507.0    51.475
    1508.0    48.727
    1509.0    45.522
    1510.0    42.062
    1511.0    38.480
    1512.0    34.842
    1513.0    31.172
    1514.0    27.486
    1515.0    23.812
    1516.0    20.205
    1517.0    16.743
    1518.0    13.517
    1519.0    10.609
    1520.0     8.082
    1521.0     5.970
    1522.0     4.270
    1523.0     2.956
    1524.0     1.979
    1525.0     1.281
    1526.0     0.801
    1527.0     0.484
    1528.0     0.282
    1529.0     0.159
    1530.0     0.086
    1531.0     0.045
    1532.0     0.023
    1533.0     0.011
    1534.0     0.005
    1535.0     0.002
    1536.0     0.001
    1537.0     0.000
    1538.0     0.000
    1539.0     0.000
    1540.0     0.000
    1541.0     0.000
    1542.0     0.000
    1543.0     0.000
    1544.0     0.000
    1545.0     0.000
    1546.0     0.000
    1547.0     0.000
    1548.0     0.000
    1549.0     0.000
    1550.0     0.000
    1551.0     0.000
    1552.0     0.000
    1553.0     0.000
    1554.0     0.000
    1555.0     0.000
    1556.0     0.000
    1557.0     0.000
    1558.0     0.000
    1559.0     0.000
    1560.0     0.000
    1561.0     0.000
    1562.0     0.000
    1563.0     0.000
    1564.0     0.001
    1565.0     0.002
    1566.0     0.004
    1567.0     0.010
    1568.0     0.022
    1569.0     0.046
    1570.0     0.095
    1571.0     0.189
    1572.0     0.359
    1573.0     0.656
    1574.0     1.152
    1575.0     1.943
    1576.0     3.149
    1577.0     4.902
    1578.0     7.332
    1579.0    10.538
    1580.0    14.550
    1581.0    19.302
    1582.0    24.603
    1583.0    30.129
    1584.0    35.450
    1585.0    40.075
    1586.0    43.528
    1587.0    45.424
    1588.0    45.543
    1589.0    43.873
    1590.0    40.607
    1591.0    36.110
    1592.0    30.852
    1593.0    25.326
    1594.0    19.975
    1595.0    15.137
    1596.0    11.020
    1597.0     7.709
    1598.0     5.181
    1599.0     3.346
    1600.0     2.076
    1601.0     1.237
    1602.0     0.709
    1603.0     0.390
    1604.0     0.206
    1605.0     0.105
    1606.0     0.051
    1607.0     0.024
    1608.0     0.011
    1609.0     0.005
    1610.0     0.002
    1611.0     0.001
    1612.0     0.000
    1613.0     0.000
    1614.0     0.000
    1615.0     0.000
    1616.0     0.000
    1617.0     0.000
    1618.0     0.000
    1619.0     0.000
    1620.0     0.000
    1621.0     0.000
    1622.0     0.000
    1623.0     0.000
    1624.0     0.000
    1625.0     0.000
    1626.0     0.000
    1627.0     0.000
    1628.0     0.000
    1629.0     0.000
    1630.0     0.000
    1631.0     0.000
    1632.0     0.000
    1633.0     0.000
    1634.0     0.000
    1635.0     0.000
    1636.0     0.000
    1637.0     0.000
    1638.0     0.000
    1639.0     0.000
    1640.0     0.000
    1641.0     0.000
    1642.0     0.000
    1643.0     0.000
    1644.0     0.000
    1645.0     0.000
    1646.0     0.000
    1647.0     0.000
    1648.0     0.000
    1649.0     0.000
    1650.0     0.000
    1651.0     0.000
    1652.0     0.000
    1653.0     0.000
    1654.0     0.001
    1655.0     0.002
    1656.0     0.004
    1657.0     0.010
    1658.0     0.021
    1659.0     0.044
    1660.0     0.089
    1661.0     0.172
    1662.0     0.320
    1663.0     0.571
    1664.0     0.979
    1665.0     1.612
    1666.0     2.551
    1667.0     3.879
    1668.0     5.666
    1669.0     7.952
    1670.0    10.723
    1671.0    13.893
    1672.0    17.294
    1673.0    20.683
    1674.0    23.766
    1675.0    26.238
    1676.0    27.831
    1677.0    28.364
    1678.0    27.773
    1679.0    26.129
    1680.0    23.617
    1681.0    20.511
    1682.0    17.114
    1683.0    13.720
    1684.0    10.568
    1685.0     7.821
    1686.0     5.561
    1687.0     3.799
    1688.0     2.493
    1689.0     1.572
    1690.0     0.953
    1691.0     0.555
    1692.0     0.310
    1693.0     0.167
    1694.0     0.086
    1695.0     0.043
    1696.0     0.020
    1697.0     0.009
    1698.0     0.004
    1699.0     0.002
    1700.0     0.001
    1701.0     0.000
    1702.0     0.000
    1703.0     0.001
    1704.0     0.002
    1705.0     0.004
    1706.0     0.010
    1707.0     0.021
    1708.0     0.044
    1709.0     0.088
    1710.0     0.168
    1711.0     0.309
    1712.0     0.547
    1713.0     0.927
    1714.0     1.512
    1715.0     2.368
    1716.0     3.563
    1717.0     5.152
    1718.0     7.157
    1719.0     9.553
    1720.0    12.251
    1721.0    15.095
    1722.0    17.869
    1723.0    20.324
    1724.0    22.210
    1725.0    23.319
    1726.0    23.523
    1727.0    22.799
    1728.0    21.230
    1729.0    18.995
    1730.0    16.328
    1731.0    13.486
    1732.0    10.701
    1733.0     8.159
    1734.0     5.976
    1735.0     4.206
    1736.0     2.844
    1737.0     1.848
    1738.0     1.153
    1739.0     0.692
    1740.0     0.399
    1741.0     0.221
    1742.0     0.117
    1743.0     0.060
    1744.0     0.029
    1745.0     0.014
    1746.0     0.006
    1747.0     0.003
    1748.0     0.001
    1749.0     0.000
    1750.0     0.000
    1751.0     0.000
    1752.0     0.000
    1753.0     0.000
    1754.0     0.000
    1755.0     0.000
    1756.0     0.000
    1757.0     0.000
    1758.0     0.000
    1759.0     0.000
    1760.0     0.000
    1761.0     0.000
    1762.0     0.000
    1763.0     0.000
    1764.0     0.000
    1765.0     0.000
    1766.0     0.000
    1767.0     0.000
    1768.0     0.000
    1769.0     0.000
    1770.0     0.000
    1771.0     0.000
    1772.0     0.000
    1773.0     0.000
    1774.0     0.000
    1775.0     0.000
    1776.0     0.000
    1777.0     0.000
    1778.0     0.000
    1779.0     0.000
    1780.0     0.000
    1781.0     0.000
    1782.0     0.000
    1783.0     0.000
    1784.0     0.000
    1785.0     0.000
    1786.0     0.000
    1787.0     0.000
    1788.0     0.000
    1789.0     0.000
    1790.0     0.000
    1791.0     0.000
    1792.0     0.000
    1793.0     0.000
    1794.0     0.000
    1795.0     0.000
    1796.0     0.000
    1797.0     0.000
    1798.0     0.000
    1799.0     0.000
    1800.0     0.000
    1801.0     0.000
    1802.0     0.000
    1803.0     0.000
    1804.0     0.000
    1805.0     0.000
    1806.0     0.000
    1807.0     0.000
    1808.0     0.000
    1809.0     0.000
    1810.0     0.000
    1811.0     0.000
    1812.0     0.000
    1813.0     0.000
    1814.0     0.000
    1815.0     0.000
    1816.0     0.000
    1817.0     0.000
    1818.0     0.000
    1819.0     0.000
    1820.0     0.000
    1821.0     0.000
    1822.0     0.000
    1823.0     0.000
    1824.0     0.000
    1825.0     0.000
    1826.0     0.000
    1827.0     0.000
    1828.0     0.000
    1829.0     0.000
    1830.0     0.000
    1831.0     0.000
    1832.0     0.000
    1833.0     0.000
    1834.0     0.000
    1835.0     0.000
    1836.0     0.000
    1837.0     0.000
    1838.0     0.000
    1839.0     0.000
    1840.0     0.000
    1841.0     0.000
    1842.0     0.000
    1843.0     0.000
    1844.0     0.000
    1845.0     0.000
    1846.0     0.000
    1847.0     0.000
    1848.0     0.000
    1849.0     0.000
    1850.0     0.000
    1851.0     0.000
    1852.0     0.000
    1853.0     0.000
    1854.0     0.000
    1855.0     0.000
    1856.0     0.000
    1857.0     0.000
    1858.0     0.000
    1859.0     0.000
    1860.0     0.000
    1861.0     0.000
    1862.0     0.000
    1863.0     0.000
    1864.0     0.000
    1865.0     0.000
    1866.0     0.000
    1867.0     0.000
    1868.0     0.000
    1869.0     0.000
    1870.0     0.000
    1871.0     0.000
    1872.0     0.000
    1873.0     0.000
    1874.0     0.000
    1875.0     0.000
    1876.0     0.000
    1877.0     0.000
    1878.0     0.000
    1879.0     0.000
    1880.0     0.000
    1881.0     0.000
    1882.0     0.000
    1883.0     0.000
    1884.0     0.000
    1885.0     0.000
    1886.0     0.000
    1887.0     0.000
    1888.0     0.000
    1889.0     0.000
    1890.0     0.000
    1891.0     0.000
    1892.0     0.000
    1893.0     0.000
    1894.0     0.000
    1895.0     0.000
    1896.0     0.000
    1897.0     0.000
    1898.0     0.000
    1899.0     0.000
    1900.0     0.000
    1901.0     0.000
    1902.0     0.000
    1903.0     0.000
    1904.0     0.000
    1905.0     0.000
    1906.0     0.000
    1907.0     0.000
    1908.0     0.000
    1909.0     0.000
    1910.0     0.000
    1911.0     0.000
    1912.0     0.000
    1913.0     0.000
    1914.0     0.000
    1915.0     0.000
    1916.0     0.000
    1917.0     0.000
    1918.0     0.000
    1919.0     0.000
    1920.0     0.000
    1921.0     0.000
    1922.0     0.000
    1923.0     0.000
    1924.0     0.000
    1925.0     0.000
    1926.0     0.000
    1927.0     0.000
    1928.0     0.000
    1929.0     0.000
    1930.0     0.000
    1931.0     0.000
    1932.0     0.000
    1933.0     0.000
    1934.0     0.000
    1935.0     0.000
    1936.0     0.000
    1937.0     0.000
    1938.0     0.000
    1939.0     0.000
    1940.0     0.000
    1941.0     0.000
    1942.0     0.000
    1943.0     0.000
    1944.0     0.000
    1945.0     0.000
    1946.0     0.000
    1947.0     0.000
    1948.0     0.000
    1949.0     0.000
    1950.0     0.000
    1951.0     0.000
    1952.0     0.000
    1953.0     0.000
    1954.0     0.000
    1955.0     0.000
    1956.0     0.000
    1957.0     0.000
    1958.0     0.000
    1959.0     0.000
    1960.0     0.000
    1961.0     0.000
    1962.0     0.000
    1963.0     0.000
    1964.0     0.000
    1965.0     0.000
    1966.0     0.000
    1967.0     0.000
    1968.0     0.000
    1969.0     0.000
    1970.0     0.000
    1971.0     0.000
    1972.0     0.000
    1973.0     0.000
    1974.0     0.000
    1975.0     0.000
    1976.0     0.000
    1977.0     0.000
    1978.0     0.000
    1979.0     0.000
    1980.0     0.000
    1981.0     0.000
    1982.0     0.000
    1983.0     0.000
    1984.0     0.000
    1985.0     0.000
    1986.0     0.000
    1987.0     0.000
    1988.0     0.000
    1989.0     0.000
    1990.0     0.000
    1991.0     0.000
    1992.0     0.000
    1993.0     0.000
    1994.0     0.000
    1995.0     0.000
    1996.0     0.000
    1997.0     0.000
    1998.0     0.000
    1999.0     0.000
    2000.0     0.000
    2001.0     0.000
    2002.0     0.000
    2003.0     0.000
    2004.0     0.000
    2005.0     0.000
    2006.0     0.000
    2007.0     0.000
    2008.0     0.000
    2009.0     0.000
    2010.0     0.000
    2011.0     0.000
    2012.0     0.000
    2013.0     0.000
    2014.0     0.000
    2015.0     0.000
    2016.0     0.000
    2017.0     0.000
    2018.0     0.000
    2019.0     0.000
    2020.0     0.000
    2021.0     0.000
    2022.0     0.000
    2023.0     0.000
    2024.0     0.000
    2025.0     0.000
    2026.0     0.000
    2027.0     0.000
    2028.0     0.000
    2029.0     0.000
    2030.0     0.000
    2031.0     0.000
    2032.0     0.000
    2033.0     0.000
    2034.0     0.000
    2035.0     0.000
    2036.0     0.000
    2037.0     0.000
    2038.0     0.000
    2039.0     0.000
    2040.0     0.000
    2041.0     0.000
    2042.0     0.000
    2043.0     0.000
    2044.0     0.000
    2045.0     0.000
    2046.0     0.000
    2047.0     0.000
    2048.0     0.000
    2049.0     0.000
    2050.0     0.000
    2051.0     0.000
    2052.0     0.000
    2053.0     0.000
    2054.0     0.000
    2055.0     0.000
    2056.0     0.000
    2057.0     0.000
    2058.0     0.000
    2059.0     0.000
    2060.0     0.000
    2061.0     0.000
    2062.0     0.000
    2063.0     0.000
    2064.0     0.000
    2065.0     0.000
    2066.0     0.000
    2067.0     0.000
    2068.0     0.000
    2069.0     0.000
    2070.0     0.000
    2071.0     0.000
    2072.0     0.000
    2073.0     0.000
    2074.0     0.000
    2075.0     0.000
    2076.0     0.000
    2077.0     0.000
    2078.0     0.000
    2079.0     0.000
    2080.0     0.000
    2081.0     0.000
    2082.0     0.000
    2083.0     0.000
    2084.0     0.000
    2085.0     0.000
    2086.0     0.000
    2087.0     0.000
    2088.0     0.000
    2089.0     0.000
    2090.0     0.000
    2091.0     0.000
    2092.0     0.000
    2093.0     0.000
    2094.0     0.000
    2095.0     0.000
    2096.0     0.000
    2097.0     0.000
    2098.0     0.000
    2099.0     0.000
    2100.0     0.000
    2101.0     0.000
    2102.0     0.000
    2103.0     0.000
    2104.0     0.000
    2105.0     0.000
    2106.0     0.000
    2107.0     0.000
    2108.0     0.000
    2109.0     0.000
    2110.0     0.000
    2111.0     0.000
    2112.0     0.000
    2113.0     0.000
    2114.0     0.000
    2115.0     0.000
    2116.0     0.000
    2117.0     0.000
    2118.0     0.000
    2119.0     0.000
    2120.0     0.000
    2121.0     0.000
    2122.0     0.000
    2123.0     0.000
    2124.0     0.000
    2125.0     0.000
    2126.0     0.000
    2127.0     0.000
    2128.0     0.000
    2129.0     0.000
    2130.0     0.000
    2131.0     0.000
    2132.0     0.000
    2133.0     0.000
    2134.0     0.000
    2135.0     0.000
    2136.0     0.000
    2137.0     0.000
    2138.0     0.000
    2139.0     0.000
    2140.0     0.000
    2141.0     0.000
    2142.0     0.000
    2143.0     0.000
    2144.0     0.000
    2145.0     0.000
    2146.0     0.000
    2147.0     0.000
    2148.0     0.000
    2149.0     0.000
    2150.0     0.000
    2151.0     0.000
    2152.0     0.000
    2153.0     0.000
    2154.0     0.000
    2155.0     0.000
    2156.0     0.000
    2157.0     0.000
    2158.0     0.000
    2159.0     0.000
    2160.0     0.000
    2161.0     0.000
    2162.0     0.000
    2163.0     0.000
    2164.0     0.000
    2165.0     0.000
    2166.0     0.000
    2167.0     0.000
    2168.0     0.000
    2169.0     0.000
    2170.0     0.000
    2171.0     0.000
    2172.0     0.000
    2173.0     0.000
    2174.0     0.000
    2175.0     0.000
    2176.0     0.000
    2177.0     0.000
    2178.0     0.000
    2179.0     0.000
    2180.0     0.000
    2181.0     0.000
    2182.0     0.000
    2183.0     0.000
    2184.0     0.000
    2185.0     0.000
    2186.0     0.000
    2187.0     0.000
    2188.0     0.000
    2189.0     0.000
    2190.0     0.000
    2191.0     0.000
    2192.0     0.000
    2193.0     0.000
    2194.0     0.000
    2195.0     0.000
    2196.0     0.000
    2197.0     0.000
    2198.0     0.000
    2199.0     0.000
    2200.0     0.000
    2201.0     0.000
    2202.0     0.000
    2203.0     0.000
    2204.0     0.000
    2205.0     0.000
    2206.0     0.000
    2207.0     0.000
    2208.0     0.000
    2209.0     0.000
    2210.0     0.000
    2211.0     0.000
    2212.0     0.000
    2213.0     0.000
    2214.0     0.000
    2215.0     0.000
    2216.0     0.000
    2217.0     0.000
    2218.0     0.000
    2219.0     0.000
    2220.0     0.000
    2221.0     0.000
    2222.0     0.000
    2223.0     0.000
    2224.0     0.000
    2225.0     0.000
    2226.0     0.000
    2227.0     0.000
    2228.0     0.000
    2229.0     0.000
    2230.0     0.000
    2231.0     0.000
    2232.0     0.000
    2233.0     0.000
    2234.0     0.000
    2235.0     0.000
    2236.0     0.000
    2237.0     0.000
    2238.0     0.000
    2239.0     0.000
    2240.0     0.000
    2241.0     0.000
    2242.0     0.000
    2243.0     0.000
    2244.0     0.000
    2245.0     0.000
    2246.0     0.000
    2247.0     0.000
    2248.0     0.000
    2249.0     0.000
    2250.0     0.000
    2251.0     0.000
    2252.0     0.000
    2253.0     0.000
    2254.0     0.000
    2255.0     0.000
    2256.0     0.000
    2257.0     0.000
    2258.0     0.000
    2259.0     0.000
    2260.0     0.000
    2261.0     0.000
    2262.0     0.000
    2263.0     0.000
    2264.0     0.000
    2265.0     0.000
    2266.0     0.000
    2267.0     0.000
    2268.0     0.000
    2269.0     0.000
    2270.0     0.000
    2271.0     0.000
    2272.0     0.000
    2273.0     0.000
    2274.0     0.000
    2275.0     0.000
    2276.0     0.000
    2277.0     0.000
    2278.0     0.000
    2279.0     0.000
    2280.0     0.000
    2281.0     0.000
    2282.0     0.000
    2283.0     0.000
    2284.0     0.000
    2285.0     0.000
    2286.0     0.000
    2287.0     0.000
    2288.0     0.000
    2289.0     0.000
    2290.0     0.000
    2291.0     0.000
    2292.0     0.000
    2293.0     0.000
    2294.0     0.000
    2295.0     0.000
    2296.0     0.000
    2297.0     0.000
    2298.0     0.000
    2299.0     0.000
    2300.0     0.000
    2301.0     0.000
    2302.0     0.000
    2303.0     0.000
    2304.0     0.000
    2305.0     0.000
    2306.0     0.000
    2307.0     0.000
    2308.0     0.000
    2309.0     0.000
    2310.0     0.000
    2311.0     0.000
    2312.0     0.000
    2313.0     0.000
    2314.0     0.000
    2315.0     0.000
    2316.0     0.000
    2317.0     0.000
    2318.0     0.000
    2319.0     0.000
    2320.0     0.000
    2321.0     0.000
    2322.0     0.000
    2323.0     0.000
    2324.0     0.000
    2325.0     0.000
    2326.0     0.000
    2327.0     0.000
    2328.0     0.000
    2329.0     0.000
    2330.0     0.000
    2331.0     0.000
    2332.0     0.000
    2333.0     0.000
    2334.0     0.000
    2335.0     0.000
    2336.0     0.000
    2337.0     0.000
    2338.0     0.000
    2339.0     0.000
    2340.0     0.000
    2341.0     0.000
    2342.0     0.000
    2343.0     0.000
    2344.0     0.000
    2345.0     0.000
    2346.0     0.000
    2347.0     0.000
    2348.0     0.000
    2349.0     0.000
    2350.0     0.000
    2351.0     0.000
    2352.0     0.000
    2353.0     0.000
    2354.0     0.000
    2355.0     0.000
    2356.0     0.000
    2357.0     0.000
    2358.0     0.000
    2359.0     0.000
    2360.0     0.000
    2361.0     0.000
    2362.0     0.000
    2363.0     0.000
    2364.0     0.000
    2365.0     0.000
    2366.0     0.000
    2367.0     0.000
    2368.0     0.000
    2369.0     0.000
    2370.0     0.000
    2371.0     0.000
    2372.0     0.000
    2373.0     0.000
    2374.0     0.000
    2375.0     0.000
    2376.0     0.000
    2377.0     0.000
    2378.0     0.000
    2379.0     0.000
    2380.0     0.000
    2381.0     0.000
    2382.0     0.000
    2383.0     0.000
    2384.0     0.000
    2385.0     0.000
    2386.0     0.000
    2387.0     0.000
    2388.0     0.000
    2389.0     0.000
    2390.0     0.000
    2391.0     0.000
    2392.0     0.000
    2393.0     0.000
    2394.0     0.000
    2395.0     0.000
    2396.0     0.000
    2397.0     0.000
    2398.0     0.000
    2399.0     0.000
    2400.0     0.000
    2401.0     0.000
    2402.0     0.000
    2403.0     0.000
    2404.0     0.000
    2405.0     0.000
    2406.0     0.000
    2407.0     0.000
    2408.0     0.000
    2409.0     0.000
    2410.0     0.000
    2411.0     0.000
    2412.0     0.000
    2413.0     0.000
    2414.0     0.000
    2415.0     0.000
    2416.0     0.000
    2417.0     0.000
    2418.0     0.000
    2419.0     0.000
    2420.0     0.000
    2421.0     0.000
    2422.0     0.000
    2423.0     0.000
    2424.0     0.000
    2425.0     0.000
    2426.0     0.000
    2427.0     0.000
    2428.0     0.000
    2429.0     0.000
    2430.0     0.000
    2431.0     0.000
    2432.0     0.000
    2433.0     0.000
    2434.0     0.000
    2435.0     0.000
    2436.0     0.000
    2437.0     0.000
    2438.0     0.000
    2439.0     0.000
    2440.0     0.000
    2441.0     0.000
    2442.0     0.000
    2443.0     0.000
    2444.0     0.000
    2445.0     0.000
    2446.0     0.000
    2447.0     0.000
    2448.0     0.000
    2449.0     0.000
    2450.0     0.000
    2451.0     0.000
    2452.0     0.000
    2453.0     0.000
    2454.0     0.000
    2455.0     0.000
    2456.0     0.000
    2457.0     0.000
    2458.0     0.000
    2459.0     0.000
    2460.0     0.000
    2461.0     0.000
    2462.0     0.000
    2463.0     0.000
    2464.0     0.000
    2465.0     0.000
    2466.0     0.000
    2467.0     0.000
    2468.0     0.000
    2469.0     0.000
    2470.0     0.000
    2471.0     0.000
    2472.0     0.000
    2473.0     0.000
    2474.0     0.000
    2475.0     0.000
    2476.0     0.000
    2477.0     0.000
    2478.0     0.000
    2479.0     0.000
    2480.0     0.000
    2481.0     0.000
    2482.0     0.000
    2483.0     0.000
    2484.0     0.000
    2485.0     0.000
    2486.0     0.000
    2487.0     0.000
    2488.0     0.000
    2489.0     0.000
    2490.0     0.000
    2491.0     0.000
    2492.0     0.000
    2493.0     0.000
    2494.0     0.000
    2495.0     0.000
    2496.0     0.000
    2497.0     0.000
    2498.0     0.000
    2499.0     0.000
    2500.0     0.000
    2501.0     0.000
    2502.0     0.000
    2503.0     0.000
    2504.0     0.000
    2505.0     0.000
    2506.0     0.000
    2507.0     0.000
    2508.0     0.000
    2509.0     0.000
    2510.0     0.000
    2511.0     0.000
    2512.0     0.000
    2513.0     0.000
    2514.0     0.000
    2515.0     0.000
    2516.0     0.000
    2517.0     0.000
    2518.0     0.000
    2519.0     0.000
    2520.0     0.000
    2521.0     0.000
    2522.0     0.000
    2523.0     0.000
    2524.0     0.000
    2525.0     0.000
    2526.0     0.000
    2527.0     0.000
    2528.0     0.000
    2529.0     0.000
    2530.0     0.000
    2531.0     0.000
    2532.0     0.000
    2533.0     0.000
    2534.0     0.000
    2535.0     0.000
    2536.0     0.000
    2537.0     0.000
    2538.0     0.000
    2539.0     0.000
    2540.0     0.000
    2541.0     0.000
    2542.0     0.000
    2543.0     0.000
    2544.0     0.000
    2545.0     0.000
    2546.0     0.000
    2547.0     0.000
    2548.0     0.000
    2549.0     0.000
    2550.0     0.000
    2551.0     0.000
    2552.0     0.000
    2553.0     0.000
    2554.0     0.000
    2555.0     0.000
    2556.0     0.000
    2557.0     0.000
    2558.0     0.000
    2559.0     0.000
    2560.0     0.000
    2561.0     0.000
    2562.0     0.000
    2563.0     0.000
    2564.0     0.000
    2565.0     0.000
    2566.0     0.000
    2567.0     0.000
    2568.0     0.000
    2569.0     0.000
    2570.0     0.000
    2571.0     0.000
    2572.0     0.000
    2573.0     0.000
    2574.0     0.000
    2575.0     0.000
    2576.0     0.000
    2577.0     0.000
    2578.0     0.000
    2579.0     0.000
    2580.0     0.000
    2581.0     0.000
    2582.0     0.000
    2583.0     0.000
    2584.0     0.000
    2585.0     0.000
    2586.0     0.000
    2587.0     0.000
    2588.0     0.000
    2589.0     0.000
    2590.0     0.000
    2591.0     0.000
    2592.0     0.000
    2593.0     0.000
    2594.0     0.000
    2595.0     0.000
    2596.0     0.000
    2597.0     0.000
    2598.0     0.000
    2599.0     0.000
    2600.0     0.000
    2601.0     0.000
    2602.0     0.000
    2603.0     0.000
    2604.0     0.000
    2605.0     0.000
    2606.0     0.000
    2607.0     0.000
    2608.0     0.000
    2609.0     0.000
    2610.0     0.000
    2611.0     0.000
    2612.0     0.000
    2613.0     0.000
    2614.0     0.000
    2615.0     0.000
    2616.0     0.000
    2617.0     0.000
    2618.0     0.000
    2619.0     0.000
    2620.0     0.000
    2621.0     0.000
    2622.0     0.000
    2623.0     0.000
    2624.0     0.000
    2625.0     0.000
    2626.0     0.000
    2627.0     0.000
    2628.0     0.000
    2629.0     0.000
    2630.0     0.000
    2631.0     0.000
    2632.0     0.000
    2633.0     0.000
    2634.0     0.000
    2635.0     0.000
    2636.0     0.000
    2637.0     0.000
    2638.0     0.000
    2639.0     0.000
    2640.0     0.000
    2641.0     0.000
    2642.0     0.000
    2643.0     0.000
    2644.0     0.000
    2645.0     0.000
    2646.0     0.000
    2647.0     0.000
    2648.0     0.000
    2649.0     0.000
    2650.0     0.000
    2651.0     0.000
    2652.0     0.000
    2653.0     0.000
    2654.0     0.000
    2655.0     0.000
    2656.0     0.000
    2657.0     0.000
    2658.0     0.000
    2659.0     0.000
    2660.0     0.000
    2661.0     0.000
    2662.0     0.000
    2663.0     0.000
    2664.0     0.000
    2665.0     0.000
    2666.0     0.000
    2667.0     0.000
    2668.0     0.000
    2669.0     0.000
    2670.0     0.000
    2671.0     0.000
    2672.0     0.000
    2673.0     0.000
    2674.0     0.000
    2675.0     0.000
    2676.0     0.000
    2677.0     0.000
    2678.0     0.000
    2679.0     0.000
    2680.0     0.000
    2681.0     0.000
    2682.0     0.000
    2683.0     0.000
    2684.0     0.000
    2685.0     0.000
    2686.0     0.000
    2687.0     0.000
    2688.0     0.000
    2689.0     0.000
    2690.0     0.000
    2691.0     0.000
    2692.0     0.000
    2693.0     0.000
    2694.0     0.000
    2695.0     0.000
    2696.0     0.000
    2697.0     0.000
    2698.0     0.000
    2699.0     0.000
    2700.0     0.000
    2701.0     0.000
    2702.0     0.000
    2703.0     0.000
    2704.0     0.000
    2705.0     0.000
    2706.0     0.000
    2707.0     0.000
    2708.0     0.000
    2709.0     0.000
    2710.0     0.000
    2711.0     0.000
    2712.0     0.000
    2713.0     0.000
    2714.0     0.000
    2715.0     0.000
    2716.0     0.000
    2717.0     0.000
    2718.0     0.000
    2719.0     0.000
    2720.0     0.000
    2721.0     0.000
    2722.0     0.000
    2723.0     0.000
    2724.0     0.000
    2725.0     0.000
    2726.0     0.000
    2727.0     0.000
    2728.0     0.000
    2729.0     0.000
    2730.0     0.000
    2731.0     0.000
    2732.0     0.000
    2733.0     0.000
    2734.0     0.000
    2735.0     0.000
    2736.0     0.000
    2737.0     0.000
    2738.0     0.000
    2739.0     0.000
    2740.0     0.000
    2741.0     0.000
    2742.0     0.000
    2743.0     0.000
    2744.0     0.000
    2745.0     0.000
    2746.0     0.000
    2747.0     0.000
    2748.0     0.000
    2749.0     0.000
    2750.0     0.000
    2751.0     0.000
    2752.0     0.000
    2753.0     0.000
    2754.0     0.000
    2755.0     0.000
    2756.0     0.000
    2757.0     0.000
    2758.0     0.000
    2759.0     0.000
    2760.0     0.000
    2761.0     0.000
    2762.0     0.000
    2763.0     0.000
    2764.0     0.000
    2765.0     0.000
    2766.0     0.000
    2767.0     0.000
    2768.0     0.000
    2769.0     0.000
    2770.0     0.000
    2771.0     0.000
    2772.0     0.000
    2773.0     0.000
    2774.0     0.000
    2775.0     0.000
    2776.0     0.000
    2777.0     0.000
    2778.0     0.000
    2779.0     0.000
    2780.0     0.000
    2781.0     0.000
    2782.0     0.000
    2783.0     0.000
    2784.0     0.000
    2785.0     0.000
    2786.0     0.000
    2787.0     0.000
    2788.0     0.000
    2789.0     0.000
    2790.0     0.000
    2791.0     0.000
    2792.0     0.000
    2793.0     0.000
    2794.0     0.000
    2795.0     0.000
    2796.0     0.000
    2797.0     0.000
    2798.0     0.000
    2799.0     0.000
    2800.0     0.000
    2801.0     0.000
    2802.0     0.000
    2803.0     0.000
    2804.0     0.000
    2805.0     0.000
    2806.0     0.000
    2807.0     0.000
    2808.0     0.000
    2809.0     0.000
    2810.0     0.000
    2811.0     0.000
    2812.0     0.000
    2813.0     0.000
    2814.0     0.000
    2815.0     0.000
    2816.0     0.000
    2817.0     0.000
    2818.0     0.000
    2819.0     0.000
    2820.0     0.000
    2821.0     0.000
    2822.0     0.000
    2823.0     0.000
    2824.0     0.000
    2825.0     0.000
    2826.0     0.000
    2827.0     0.000
    2828.0     0.000
    2829.0     0.000
    2830.0     0.000
    2831.0     0.000
    2832.0     0.000
    2833.0     0.000
    2834.0     0.000
    2835.0     0.000
    2836.0     0.000
    2837.0     0.000
    2838.0     0.000
    2839.0     0.000
    2840.0     0.000
    2841.0     0.000
    2842.0     0.000
    2843.0     0.000
    2844.0     0.000
    2845.0     0.000
    2846.0     0.000
    2847.0     0.000
    2848.0     0.000
    2849.0     0.000
    2850.0     0.000
    2851.0     0.000
    2852.0     0.000
    2853.0     0.000
    2854.0     0.000
    2855.0     0.000
    2856.0     0.000
    2857.0     0.000
    2858.0     0.000
    2859.0     0.000
    2860.0     0.000
    2861.0     0.000
    2862.0     0.000
    2863.0     0.000
    2864.0     0.000
    2865.0     0.000
    2866.0     0.000
    2867.0     0.000
    2868.0     0.000
    2869.0     0.000
    2870.0     0.000
    2871.0     0.000
    2872.0     0.000
    2873.0     0.000
    2874.0     0.000
    2875.0     0.000
    2876.0     0.000
    2877.0     0.000
    2878.0     0.000
    2879.0     0.000
    2880.0     0.000
    2881.0     0.000
    2882.0     0.000
    2883.0     0.000
    2884.0     0.000
    2885.0     0.000
    2886.0     0.000
    2887.0     0.000
    2888.0     0.000
    2889.0     0.000
    2890.0     0.000
    2891.0     0.000
    2892.0     0.000
    2893.0     0.000
    2894.0     0.000
    2895.0     0.000
    2896.0     0.000
    2897.0     0.000
    2898.0     0.000
    2899.0     0.000
    2900.0     0.000
    2901.0     0.000
    2902.0     0.000
    2903.0     0.000
    2904.0     0.000
    2905.0     0.000
    2906.0     0.000
    2907.0     0.000
    2908.0     0.000
    2909.0     0.000
    2910.0     0.000
    2911.0     0.000
    2912.0     0.000
    2913.0     0.000
    2914.0     0.000
    2915.0     0.000
    2916.0     0.000
    2917.0     0.000
    2918.0     0.000
    2919.0     0.000
    2920.0     0.000
    2921.0     0.000
    2922.0     0.000
    2923.0     0.000
    2924.0     0.000
    2925.0     0.000
    2926.0     0.000
    2927.0     0.000
    2928.0     0.000
    2929.0     0.000
    2930.0     0.000
    2931.0     0.000
    2932.0     0.000
    2933.0     0.000
    2934.0     0.000
    2935.0     0.000
    2936.0     0.000
    2937.0     0.000
    2938.0     0.000
    2939.0     0.000
    2940.0     0.000
    2941.0     0.000
    2942.0     0.000
    2943.0     0.000
    2944.0     0.000
    2945.0     0.000
    2946.0     0.000
    2947.0     0.000
    2948.0     0.000
    2949.0     0.000
    2950.0     0.000
    2951.0     0.000
    2952.0     0.000
    2953.0     0.000
    2954.0     0.001
    2955.0     0.001
    2956.0     0.003
    2957.0     0.007
    2958.0     0.016
    2959.0     0.034
    2960.0     0.070
    2961.0     0.138
    2962.0     0.262
    2963.0     0.476
    2964.0     0.832
    2965.0     1.396
    2966.0     2.252
    2967.0     3.490
    2968.0     5.197
    2969.0     7.435
    2970.0    10.219
    2971.0    13.496
    2972.0    17.125
    2973.0    20.877
    2974.0    24.454
    2975.0    27.521
    2976.0    29.759
    2977.0    30.920
    2978.0    30.875
    2979.0    29.642
    2980.0    27.390
    2981.0    24.428
    2982.0    21.180
    2983.0    18.167
    2984.0    16.025
    2985.0    15.559
    2986.0    17.848
    2987.0    24.387
    2988.0    37.230
    2989.0    59.078
    2990.0    93.253
    2991.0   143.445
    2992.0   213.213
    2993.0   305.210
    2994.0   420.228
    2995.0   556.240
    2996.0   707.707
    2997.0   865.441
    2998.0  1017.217
    2999.0  1149.193
    3000.0  1247.945
    3001.0  1302.721
    3002.0  1307.394
    3003.0  1261.620
    3004.0  1170.907
    3005.0  1045.557
    3006.0   898.778
    3007.0   744.426
    3008.0   594.908
    3009.0   459.675
    3010.0   344.513
    3011.0   251.622
    3012.0   180.281
    3013.0   127.826
    3014.0    90.647
    3015.0    65.022
    3016.0    47.666
    3017.0    36.008
    3018.0    28.237
    3019.0    23.203
    3020.0    20.249
    3021.0    19.038
    3022.0    19.406
    3023.0    21.256
    3024.0    24.507
    3025.0    29.066
    3026.0    34.831
    3027.0    41.702
    3028.0    49.589
    3029.0    58.404
    3030.0    68.041
    3031.0    78.327
    3032.0    88.980
    3033.0    99.564
    3034.0   109.488
    3035.0   118.038
    3036.0   124.471
    3037.0   128.133
    3038.0   128.599
    3039.0   125.782
    3040.0   119.977
    3041.0   111.844
    3042.0   102.298
    3043.0    92.359
    3044.0    82.984
    3045.0    74.928
    3046.0    68.662
    3047.0    64.361
    3048.0    61.962
    3049.0    61.255
    3050.0    61.978
    3051.0    63.893
    3052.0    66.808
    3053.0    70.553
    3054.0    74.925
    3055.0    79.634
    3056.0    84.269
    3057.0    88.318
    3058.0    91.232
    3059.0    92.536
    3060.0    91.937
    3061.0    89.416
    3062.0    85.270
    3063.0    80.101
    3064.0    74.765
    3065.0    70.308
    3066.0    67.913
    3067.0    68.873
    3068.0    74.587
    3069.0    86.553
    3070.0   106.290
    3071.0   135.183
    3072.0   174.192
    3073.0   223.475
    3074.0   281.992
    3075.0   347.206
    3076.0   415.015
    3077.0   480.026
    3078.0   536.173
    3079.0   577.625
    3080.0   599.785
    3081.0   600.150
    3082.0   578.818
    3083.0   538.503
    3084.0   484.053
    3085.0   421.618
    3086.0   357.655
    3087.0   298.046
    3088.0   247.460
    3089.0   209.062
    3090.0   184.523
    3091.0   174.214
    3092.0   177.457
    3093.0   192.725
    3094.0   217.757
    3095.0   249.613
    3096.0   284.747
    3097.0   319.190
    3098.0   348.885
    3099.0   370.153
    3100.0   380.224
    3101.0   377.675
    3102.0   362.680
    3103.0   336.961
    3104.0   303.454
    3105.0   265.759
    3106.0   227.497
    3107.0   191.744
    3108.0   160.628
    3109.0   135.175
    3110.0   115.382
    3111.0   100.472
    3112.0    89.225
    3113.0    80.328
    3114.0    72.640
    3115.0    65.359
    3116.0    58.079
    3117.0    50.738
    3118.0    43.520
    3119.0    36.716
    3120.0    30.610
    3121.0    25.397
    3122.0    21.138
    3123.0    17.770
    3124.0    15.139
    3125.0    13.049
    3126.0    11.310
    3127.0     9.772
    3128.0     8.341
    3129.0     6.980
    3130.0     5.694
    3131.0     4.515
    3132.0     3.481
    3133.0     2.625
    3134.0     1.968
    3135.0     1.519
    3136.0     1.277
    3137.0     1.235
    3138.0     1.385
    3139.0     1.719
    3140.0     2.225
    3141.0     2.890
    3142.0     3.691
    3143.0     4.593
    3144.0     5.549
    3145.0     6.496
    3146.0     7.367
    3147.0     8.088
    3148.0     8.593
    3149.0     8.832
    3150.0     8.776
    3151.0     8.429
    3152.0     7.820
    3153.0     7.004
    3154.0     6.053
    3155.0     5.046
    3156.0     4.055
    3157.0     3.140
    3158.0     2.342
    3159.0     1.682
    3160.0     1.163
    3161.0     0.774
    3162.0     0.496
    3163.0     0.305
    3164.0     0.181
    3165.0     0.103
    3166.0     0.056
    3167.0     0.030
    3168.0     0.015
    3169.0     0.007
    3170.0     0.003
    3171.0     0.002
    3172.0     0.001
    3173.0     0.000
    3174.0     0.000
    3175.0     0.000
    3176.0     0.000
    3177.0     0.000
    3178.0     0.000
    3179.0     0.000
    3180.0     0.000
    3181.0     0.000
    3182.0     0.000
    3183.0     0.000
    3184.0     0.000
    3185.0     0.000
    3186.0     0.000
    3187.0     0.000
    3188.0     0.000
    3189.0     0.000
    3190.0     0.000
    3191.0     0.000
    3192.0     0.000
    3193.0     0.000
    3194.0     0.000
    3195.0     0.000
    3196.0     0.000
    3197.0     0.000
    3198.0     0.000
    3199.0     0.000
    3200.0     0.000
    3201.0     0.000
    3202.0     0.000
    3203.0     0.000
    3204.0     0.000
    3205.0     0.000
    3206.0     0.000
    3207.0     0.000
    3208.0     0.000
    3209.0     0.000
    3210.0     0.000
    3211.0     0.000
    3212.0     0.000
    3213.0     0.000
    3214.0     0.000
    3215.0     0.000
    3216.0     0.000
    3217.0     0.000
    3218.0     0.000
    3219.0     0.000
    3220.0     0.000
    3221.0     0.000
    3222.0     0.000
    3223.0     0.000
    3224.0     0.000
    3225.0     0.000
    3226.0     0.000
    3227.0     0.000
    3228.0     0.000
    3229.0     0.000
    3230.0     0.000
    3231.0     0.000
    3232.0     0.000
    3233.0     0.000
    3234.0     0.000
    3235.0     0.000
    3236.0     0.000
    3237.0     0.000
    3238.0     0.000
    3239.0     0.000
    3240.0     0.000
    3241.0     0.000
    3242.0     0.000
    3243.0     0.000
    3244.0     0.000
    3245.0     0.000
    3246.0     0.000
    3247.0     0.000
    3248.0     0.000
    3249.0     0.000
    3250.0     0.000
    3251.0     0.000
    3252.0     0.000
    3253.0     0.000
    3254.0     0.000
    3255.0     0.000
    3256.0     0.000
    3257.0     0.000
    3258.0     0.000
    3259.0     0.000
    3260.0     0.000
    3261.0     0.000
    3262.0     0.000
    3263.0     0.000
    3264.0     0.000
    3265.0     0.000
    3266.0     0.000
    3267.0     0.000
    3268.0     0.000
    3269.0     0.000
    3270.0     0.000
    3271.0     0.000
    3272.0     0.000
    3273.0     0.000
    3274.0     0.000
    3275.0     0.000
    3276.0     0.000
    3277.0     0.000
    3278.0     0.000
    3279.0     0.000
    3280.0     0.000
    3281.0     0.000
    3282.0     0.000
    3283.0     0.000
    3284.0     0.000
    3285.0     0.000
    3286.0     0.000
    3287.0     0.000
    3288.0     0.000
    3289.0     0.000
    3290.0     0.000
    3291.0     0.000
    3292.0     0.000
    3293.0     0.000
    3294.0     0.000
    3295.0     0.000
    3296.0     0.000
    3297.0     0.000
    3298.0     0.000
    3299.0     0.000
    3300.0     0.000
    3301.0     0.000
    3302.0     0.000
    3303.0     0.000
    3304.0     0.000
    3305.0     0.000
    3306.0     0.000
    3307.0     0.000
    3308.0     0.000
    3309.0     0.000
    3310.0     0.000
    3311.0     0.000
    3312.0     0.000
    3313.0     0.000
    3314.0     0.000
    3315.0     0.000
    3316.0     0.000
    3317.0     0.000
    3318.0     0.000
    3319.0     0.000
    3320.0     0.000
    3321.0     0.000
    3322.0     0.000
    3323.0     0.000
    3324.0     0.000
    3325.0     0.000
    3326.0     0.000
    3327.0     0.000
    3328.0     0.000
    3329.0     0.000
    3330.0     0.000
    3331.0     0.000
    3332.0     0.000
    3333.0     0.000
    3334.0     0.000
    3335.0     0.000
    3336.0     0.000
    3337.0     0.000
    3338.0     0.000
    3339.0     0.000
    3340.0     0.000
    3341.0     0.000
    3342.0     0.000
    3343.0     0.000
    3344.0     0.000
    3345.0     0.000
    3346.0     0.000
    3347.0     0.000
    3348.0     0.000
    3349.0     0.000
    3350.0     0.000
    3351.0     0.000
    3352.0     0.000
    3353.0     0.000
    3354.0     0.000
    3355.0     0.000
    3356.0     0.000
    3357.0     0.000
    3358.0     0.000
    3359.0     0.000
    3360.0     0.000
    3361.0     0.000
    3362.0     0.000
    3363.0     0.000
    3364.0     0.000
    3365.0     0.000
    3366.0     0.000
    3367.0     0.000
    3368.0     0.000
    3369.0     0.000
    3370.0     0.000
    3371.0     0.000
    3372.0     0.000
    3373.0     0.000
    3374.0     0.000
    3375.0     0.000
    3376.0     0.000
    3377.0     0.000
    3378.0     0.000
    3379.0     0.000
    3380.0     0.000
    3381.0     0.000
    3382.0     0.000
    3383.0     0.000
    3384.0     0.000
    3385.0     0.000
    3386.0     0.000
    3387.0     0.000
    3388.0     0.000
    3389.0     0.000
    3390.0     0.000
    3391.0     0.000
    3392.0     0.000
    3393.0     0.000
    3394.0     0.000
    3395.0     0.000
    3396.0     0.000
    3397.0     0.000
    3398.0     0.000
    3399.0     0.000
    3400.0     0.000
    3401.0     0.000
    3402.0     0.000
    3403.0     0.000
    3404.0     0.000
    3405.0     0.000
    3406.0     0.000
    3407.0     0.000
    3408.0     0.000
    3409.0     0.000
    3410.0     0.000
    3411.0     0.000
    3412.0     0.000
    3413.0     0.000
    3414.0     0.000
    3415.0     0.000
    3416.0     0.000
    3417.0     0.000
    3418.0     0.000
    3419.0     0.000
    3420.0     0.000
    3421.0     0.000
    3422.0     0.000
    3423.0     0.000
    3424.0     0.000
    3425.0     0.000
    3426.0     0.000
    3427.0     0.000
    3428.0     0.000
    3429.0     0.000
    3430.0     0.000
    3431.0     0.000
    3432.0     0.000
    3433.0     0.000
    3434.0     0.000
    3435.0     0.000
    3436.0     0.000
    3437.0     0.000
    3438.0     0.000
    3439.0     0.000
    3440.0     0.000
    3441.0     0.000
    3442.0     0.000
    3443.0     0.000
    3444.0     0.000
    3445.0     0.000
    3446.0     0.000
    3447.0     0.000
    3448.0     0.000
    3449.0     0.000
    3450.0     0.000
    3451.0     0.000
    3452.0     0.000
    3453.0     0.000
    3454.0     0.000
    3455.0     0.000
    3456.0     0.000
    3457.0     0.000
    3458.0     0.000
    3459.0     0.000
    3460.0     0.000
    3461.0     0.000
    3462.0     0.000
    3463.0     0.000
    3464.0     0.000
    3465.0     0.000
    3466.0     0.000
    3467.0     0.000
    3468.0     0.000
    3469.0     0.000
    3470.0     0.000
    3471.0     0.000
    3472.0     0.000
    3473.0     0.000
    3474.0     0.000
    3475.0     0.000
    3476.0     0.000
    3477.0     0.000
    3478.0     0.000
    3479.0     0.000
    3480.0     0.000
    3481.0     0.000
    3482.0     0.000
    3483.0     0.000
    3484.0     0.000
    3485.0     0.000
    3486.0     0.000
    3487.0     0.000
    3488.0     0.000
    3489.0     0.000
    3490.0     0.000
    3491.0     0.000
    3492.0     0.000
    3493.0     0.000
    3494.0     0.000
    3495.0     0.000
    3496.0     0.000
    3497.0     0.000
    3498.0     0.000
    3499.0     0.000
    3500.0     0.000
    3501.0     0.000
    3502.0     0.000
    3503.0     0.000
    3504.0     0.000
    3505.0     0.000
    3506.0     0.000
    3507.0     0.001
    3508.0     0.001
    3509.0     0.003
    3510.0     0.008
    3511.0     0.018
    3512.0     0.040
    3513.0     0.085
    3514.0     0.174
    3515.0     0.343
    3516.0     0.647
    3517.0     1.174
    3518.0     2.047
    3519.0     3.429
    3520.0     5.517
    3521.0     8.529
    3522.0    12.670
    3523.0    18.082
    3524.0    24.794
    3525.0    32.665
    3526.0    41.347
    3527.0    50.284
    3528.0    58.755
    3529.0    65.961
    3530.0    71.148
    3531.0    73.733
    3532.0    73.416
    3533.0    70.234
    3534.0    64.556
    3535.0    57.010
    3536.0    48.371
    3537.0    39.433
    3538.0    30.886
    3539.0    23.243
    3540.0    16.805
    3541.0    11.674
    3542.0     7.792
    3543.0     4.997
    3544.0     3.079
    3545.0     1.822
    3546.0     1.036
    3547.0     0.566
    3548.0     0.297
    3549.0     0.150
    3550.0     0.073
    3551.0     0.034
    3552.0     0.015
    3553.0     0.007
    3554.0     0.003
    3555.0     0.001
    3556.0     0.000
    3557.0     0.000
    3558.0     0.000
    3559.0     0.000
    3560.0     0.000
    3561.0     0.000
    3562.0     0.000
    3563.0     0.000
    3564.0     0.000
    3565.0     0.000
    3566.0     0.000
    3567.0     0.000
    3568.0     0.000
    3569.0     0.000
    3570.0     0.000
    3571.0     0.000
    3572.0     0.000
    3573.0     0.000
    3574.0     0.000
    3575.0     0.000
    3576.0     0.000
    3577.0     0.000
    3578.0     0.000
    3579.0     0.000
    3580.0     0.000
    3581.0     0.000
    3582.0     0.000
    3583.0     0.000
    3584.0     0.000
    3585.0     0.000
    3586.0     0.000
    3587.0     0.000
    3588.0     0.000
    3589.0     0.000
    3590.0     0.000
    3591.0     0.000
    3592.0     0.000
    3593.0     0.000
    3594.0     0.001
    3595.0     0.001
    3596.0     0.004
    3597.0     0.010
    3598.0     0.023
    3599.0     0.054
    3600.0     0.122
    3601.0     0.265
    3602.0     0.551
    3603.0     1.100
    3604.0     2.111
    3605.0     3.892
    3606.0     6.895
    3607.0    11.735
    3608.0    19.189
    3609.0    30.149
    3610.0    45.512
    3611.0    66.008
    3612.0    91.982
    3613.0   123.150
    3614.0   158.414
    3615.0   195.787
    3616.0   232.490
    3617.0   265.253
    3618.0   290.778
    3619.0   306.283
    3620.0   310.019
    3621.0   301.608
    3622.0   282.151
    3623.0   254.051
    3624.0   220.633
    3625.0   185.640
    3626.0   152.742
    3627.0   125.147
    3628.0   105.368
    3629.0    95.123
    3630.0    95.321
    3631.0   106.077
    3632.0   126.692
    3633.0   155.620
    3634.0   190.454
    3635.0   227.993
    3636.0   264.462
    3637.0   295.900
    3638.0   318.673
    3639.0   330.018
    3640.0   328.502
    3641.0   314.248
    3642.0   288.901
    3643.0   255.310
    3644.0   217.029
    3645.0   177.757
    3646.0   140.865
    3647.0   109.090
    3648.0    84.449
    3649.0    68.341
    3650.0    61.751
    3651.0    65.453
    3652.0    80.126
    3653.0   106.293
    3654.0   144.095
    3655.0   192.930
    3656.0   251.077
    3657.0   315.424
    3658.0   381.449
    3659.0   443.546
    3660.0   495.681
    3661.0   532.289
    3662.0   549.215
    3663.0   544.470
    3664.0   518.605
    3665.0   474.602
    3666.0   417.303
    3667.0   352.534
    3668.0   286.141
    3669.0   223.145
    3670.0   167.194
    3671.0   120.361
    3672.0    83.248
    3673.0    55.322
    3674.0    35.322
    3675.0    21.668
    3676.0    12.771
    3677.0     7.232
    3678.0     3.935
    3679.0     2.057
    3680.0     1.033
    3681.0     0.499
    3682.0     0.231
    3683.0     0.103
    3684.0     0.044
    3685.0     0.018
    3686.0     0.007
    3687.0     0.003
    3688.0     0.001
    3689.0     0.000
    3690.0     0.000
    3691.0     0.001
    3692.0     0.002
    3693.0     0.004
    3694.0     0.011
    3695.0     0.027
    3696.0     0.064
    3697.0     0.144
    3698.0     0.313
    3699.0     0.652
    3700.0     1.304
    3701.0     2.508
    3702.0     4.634
    3703.0     8.226
    3704.0    14.029
    3705.0    22.989
    3706.0    36.194
    3707.0    54.749
    3708.0    79.569
    3709.0   111.108
    3710.0   149.063
    3711.0   192.144
    3712.0   237.963
    3713.0   283.153
    3714.0   323.714
    3715.0   355.573
    3716.0   375.254
    3717.0   380.496
    3718.0   370.683
    3719.0   346.963
    3720.0   312.028
    3721.0   269.607
    3722.0   223.819
    3723.0   178.521
    3724.0   136.808
    3725.0   100.731
    3726.0    71.259
    3727.0    48.434
    3728.0    31.629
    3729.0    19.845
    3730.0    11.963
    3731.0     6.929
    3732.0     3.856
    3733.0     2.061
    3734.0     1.059
    3735.0     0.523
    3736.0     0.248
    3737.0     0.113
    3738.0     0.049
    3739.0     0.021
    3740.0     0.008
    3741.0     0.003
    3742.0     0.001
    3743.0     0.000
    3744.0     0.000
    3745.0     0.000
    3746.0     0.000
    3747.0     0.000
    3748.0     0.000
    3749.0     0.000
    3750.0     0.000
    3751.0     0.000
    3752.0     0.000
    3753.0     0.000
    3754.0     0.000
    3755.0     0.000
    3756.0     0.000
    3757.0     0.000
    3758.0     0.000
    3759.0     0.000
    3760.0     0.000
    3761.0     0.000
    3762.0     0.000
    3763.0     0.000
    3764.0     0.000
    3765.0     0.000
    3766.0     0.000
    3767.0     0.000
    3768.0     0.000
    3769.0     0.000
    3770.0     0.000
    3771.0     0.000
    3772.0     0.000
    3773.0     0.000
    3774.0     0.000
    3775.0     0.000
    3776.0     0.000
    3777.0     0.000
    3778.0     0.000
    3779.0     0.000
    3780.0     0.000
    3781.0     0.000
    3782.0     0.000
    3783.0     0.000
    3784.0     0.000
    3785.0     0.000
    3786.0     0.000
    3787.0     0.000
    3788.0     0.001
    3789.0     0.003
    3790.0     0.006
    3791.0     0.015
    3792.0     0.034
    3793.0     0.075
    3794.0     0.156
    3795.0     0.315
    3796.0     0.610
    3797.0     1.135
    3798.0     2.027
    3799.0     3.480
    3800.0     5.740
    3801.0     9.096
    3802.0    13.849
    3803.0    20.259
    3804.0    28.474
    3805.0    38.450
    3806.0    49.885
    3807.0    62.184
    3808.0    74.476
    3809.0    85.700
    3810.0    94.749
    3811.0   100.646
    3812.0   102.718
    3813.0   100.722
    3814.0    94.892
    3815.0    85.895
    3816.0    74.704
    3817.0    62.428
    3818.0    50.133
    3819.0    38.703
    3820.0    28.757
    3821.0    20.635
    3822.0    14.445
    3823.0    10.144
    3824.0     7.643
    3825.0     6.901
    3826.0     8.009
    3827.0    11.235
    3828.0    17.038
    3829.0    26.036
    3830.0    38.913
    3831.0    56.287
    3832.0    78.536
    3833.0   105.620
    3834.0   136.931
    3835.0   171.236
    3836.0   206.730
    3837.0   241.218
    3838.0   272.404
    3839.0   298.210
    3840.0   317.071
    3841.0   328.114
    3842.0   331.195
    3843.0   326.788
    3844.0   315.791
    3845.0   299.304
    3846.0   278.452
    3847.0   254.291
    3848.0   227.799
    3849.0   199.907
    3850.0   171.549
    3851.0   143.665
    3852.0   117.172
    3853.0    92.889
    3854.0    71.455
    3855.0    53.269
    3856.0    38.460
    3857.0    26.918
    3858.0    18.349
    3859.0    12.365
    3860.0     8.558
    3861.0     6.582
    3862.0     6.187
    3863.0     7.240
    3864.0     9.707
    3865.0    13.610
    3866.0    18.965
    3867.0    25.706
    3868.0    33.628
    3869.0    42.331
    3870.0    51.227
    3871.0    59.573
    3872.0    66.567
    3873.0    71.467
    3874.0    73.719
    3875.0    73.062
    3876.0    69.571
    3877.0    63.649
    3878.0    55.948
    3879.0    47.250
    3880.0    38.340
    3881.0    29.891
    3882.0    22.389
    3883.0    16.113
    3884.0    11.141
    3885.0     7.402
    3886.0     4.724
    3887.0     2.897
    3888.0     1.707
    3889.0     0.966
    3890.0     0.526
    3891.0     0.275
    3892.0     0.138
    3893.0     0.067
    3894.0     0.031
    3895.0     0.014
    3896.0     0.006
    3897.0     0.002
    3898.0     0.001
    3899.0     0.000
    3900.0     0.000
    3901.0     0.000
    3902.0     0.000
    3903.0     0.000
    3904.0     0.000
    3905.0     0.000
    3906.0     0.000
    3907.0     0.000
    3908.0     0.000
    3909.0     0.000
    3910.0     0.000
    3911.0     0.000
    3912.0     0.000
    3913.0     0.000
    3914.0     0.000
    3915.0     0.000
    3916.0     0.000
    3917.0     0.000
    3918.0     0.000
    3919.0     0.000
    3920.0     0.000
    3921.0     0.000
    3922.0     0.000
    3923.0     0.000
    3924.0     0.000
    3925.0     0.000
    3926.0     0.000
    3927.0     0.000
    3928.0     0.000
    3929.0     0.000
    3930.0     0.000
    3931.0     0.000
    3932.0     0.000
    3933.0     0.000
    3934.0     0.000
    3935.0     0.000
    3936.0     0.000
    3937.0     0.000
    3938.0     0.000
    3939.0     0.000
    3940.0     0.000
    3941.0     0.000
    3942.0     0.000
    3943.0     0.000
    3944.0     0.000
    3945.0     0.000
    3946.0     0.000
    3947.0     0.000
    3948.0     0.000
    3949.0     0.000
    3950.0     0.000
    3951.0     0.000
    3952.0     0.000
    3953.0     0.000
    3954.0     0.000
    3955.0     0.000
    3956.0     0.000
    3957.0     0.000
    3958.0     0.000
    3959.0     0.000
    3960.0     0.000
    3961.0     0.000
    3962.0     0.000
    3963.0     0.000
    3964.0     0.000
    3965.0     0.000
    3966.0     0.000
    3967.0     0.000
    3968.0     0.000
    3969.0     0.000
    3970.0     0.000
    3971.0     0.000
    3972.0     0.000
    3973.0     0.000
    3974.0     0.000
    3975.0     0.000
    3976.0     0.000
    3977.0     0.000
    3978.0     0.000
    3979.0     0.000
    3980.0     0.000
    3981.0     0.000
    3982.0     0.000
    3983.0     0.000
    3984.0     0.000
    3985.0     0.000
    3986.0     0.000
    3987.0     0.000
    3988.0     0.000
    3989.0     0.000
    3990.0     0.000
    3991.0     0.000
    3992.0     0.000
    3993.0     0.000
    3994.0     0.000
    3995.0     0.000
    3996.0     0.000
    3997.0     0.000
    3998.0     0.000
    3999.0     0.000
    4000.0     0.000
